973.0
1.0
1.0
1.0
1.0
1.0
3.0
1.0
2.0
1.0
2.0
1.0
1.0
1.0
1.0
1.0
1.0
3.0
1.0
1.0
1.0
1.0
1.0
6.0
2.0
1.0
1.0
1.0
1.0
1.0
1.0
1.0
2.0
1.0
1.0
1.0
1.0
2.0
924.0
1.0
3.0
2.0
1.0
19.0
1.0
1.0
1.0
1.0
1.0
2.0
1.0
1.0
1.0
1.0
1.0
3.0
1.0
1.0
1.0
1.0
2.0
3.0
11.0
1.0
8.0
19.0
1.0
2.0
1.0
1.0
1.0
1.0
1.0
2.0
1.0
948.0
1.0
1.0
1.0
1.0
1.0
1.0
4.0
1.0
2.0
1.0
7.0
1.0
1.0
6.0
1.0
1.0
1.0
9.0
1.0
1.0
1.0
1.0
1.0
1.0
1.0
5.0
4.0
7.0
3.0
1.0
1.0
1.0
1.0
1.0
1.0
2.0
1.0
989.0
1.0
1.0
1.0
1.0
1.0
1.0
1.0
7.0
1.0
1.0
4.0
2.0
1.0
1.0
2.0
1.0
1.0
3.0
1.0
1.0
1.0
1.0
1.0
943.0
1.0
1.0
1.0
1.0
13.0
3.0
7.0
2.0
1.0
1.0
1.0
1.0
1.0
1.0
1.0
1.0
2.0
1.0
1.0
1.0
1.0
1.0
1.0
5.0
1.0
6.0
1.0
1.0
2.0
10.0
2.0
1.0
3.0
1.0
1.0
1.0
1.0
936.0
1.0
1.0
1.0
1.0
1.0
4.0
1.0
1.0
1.0
1.0
3.0
1.0
1.0
1.0
1.0
2.0
2.0
18.0
16.0
1.0
1.0
1.0
6.0
6.0
2.0
1.0
1.0
1.0
1.0
5.0
1.0
1.0
1.0
998.0
1.0
1.0
1.0
1.0
1.0
1.0
1.0
1.0
1.0
1.0
1.0
1.0
2.0
1.0
3.0
2.0
1.0
1.0
1.0
1.0
2.0
103.0
1.0
1.0
1.0
1.0
3.0
1.0
1.0
1.0
4.0
1.0
1.0
1.0
1.0
1.0
851.0
1.0
1.0
1.0
1.0
1.0
1.0
1.0
1.0
9.0
1.0
1.0
1.0
1.0
1.0
10.0
1.0
3.0
1.0
1.0
2.0
1.0
2.0
1.0
1.0
1.0
2.0
1.0
1.0
1.0
949.0
1.0
2.0
1.0
1.0
1.0
1.0
1.0
1.0
1.0
5.0
3.0
3.0
1.0
2.0
1.0
3.0
4.0
1.0
1.0
1.0
1.0
1.0
1.0
1.0
1.0
12.0
1.0
1.0
14.0
1.0
1.0
1.0
1.0
1.0
1.0
1.0
15.0
4.0
1.0
1.0
1.0
2.0
773.0
1.0
1.0
2.0
7.0
1.0
1.0
1.0
1.0
1.0
3.0
1.0
1.0
1.0
1.0
1.0
1.0
2.0
4.0
1.0
7.0
1.0
5.0
1.0
1.0
3.0
1.0
1.0
1.0
1.0
1.0
1.0
1.0
1.0
152.0
1.0
1.0
1.0
4.0
1.0
1.0
1.0
1.0
1.0
1.0
1.0
1.0
2.0
2.0
950.0
1.0
1.0
2.0
1.0
1.0
1.0
1.0
4.0
1.0
1.0
2.0
1.0
1.0
1.0
1.0
2.0
1.0
1.0
1.0
1.0
1.0
34.0
3.0
1.0
1.0
1.0
2.0
2.0
1.0
973.0
1.0
1.0
2.0
7.0
1.0
1.0
12.0
1.0
1.0
1.0
1.0
1.0
2.0
1.0
1.0
3.0
1.0
1.0
1.0
5.0
1.0
2.0
1.0
1.0
1.0
913.0
1.0
3.0
1.0
1.0
1.0
1.0
3.0
3.0
1.0
1.0
1.0
64.0
1.0
2.0
1.0
1.0
1.0
4.0
2.0
1.0
1.0
2.0
1.0
1.0
1.0
1.0
1.0
1.0
2.0
1.0
3.0
1.0
1.0
973.0
1.0
1.0
1.0
1.0
1.0
1.0
2.0
16.0
1.0
1.0
1.0
1.0
1.0
5.0
3.0
1.0
1.0
1.0
2.0
1.0
3.0
1.0
3.0
1.0
977.0
3.0
1.0
1.0
1.0
2.0
1.0
9.0
1.0
1.0
1.0
2.0
1.0
2.0
1.0
1.0
1.0
2.0
3.0
1.0
1.0
1.0
1.0
1.0
1.0
1.0
1.0
1.0
1.0
1.0
1.0
1.0
899.0
1.0
1.0
1.0
3.0
1.0
1.0
3.0
1.0
1.0
1.0
26.0
1.0
1.0
1.0
38.0
2.0
2.0
2.0
6.0
1.0
1.0
2.0
1.0
1.0
1.0
2.0
1.0
1.0
5.0
4.0
1.0
1.0
1.0
1.0
1.0
4.0
2.0
1.0
912.0
1.0
1.0
1.0
1.0
1.0
1.0
1.0
1.0
3.0
1.0
1.0
1.0
1.0
2.0
1.0
3.0
2.0
1.0
1.0
1.0
1.0
1.0
1.0
1.0
5.0
1.0
1.0
1.0
1.0
3.0
1.0
1.0
1.0
2.0
1.0
5.0
1.0
1.0
1.0
3.0
1.0
1.0
1.0
1.0
22.0
5.0
1.0
1.0
1.0
1.0
1.0
1.0
7.0
1.0
4.0
3.0
1.0
977.0
3.0
1.0
1.0
1.0
1.0
1.0
2.0
2.0
1.0
1.0
1.0
1.0
3.0
4.0
1.0
3.0
4.0
1.0
4.0
1.0
1.0
1.0
1.0
3.0
1.0
3.0
2.0
977.0
1.0
1.0
1.0
3.0
1.0
1.0
2.0
1.0
1.0
1.0
1.0
1.0
1.0
1.0
1.0
8.0
3.0
2.0
1.0
2.0
5.0
1.0
1.0
2.0
1.0
1.0
970.0
9.0
2.0
3.0
1.0
1.0
15.0
1.0
3.0
2.0
2.0
1.0
1.0
1.0
1.0
1.0
1.0
1.0
1.0
1.0
1.0
1.0
2.0
1.0
1.0
996.0
1.0
1.0
1.0
2.0
1.0
1.0
1.0
1.0
1.0
1.0
1.0
1.0
1.0
1.0
3.0
1.0
1.0
2.0
1.0
1.0
2.0
1.0
1.0
1.0
3.0
995.0
1.0
1.0
1.0
1.0
2.0
1.0
1.0
1.0
1.0
1.0
1.0
1.0
2.0
1.0
1.0
1.0
1.0
1.0
4.0
1.0
964.0
1.0
1.0
1.0
1.0
1.0
3.0
1.0
5.0
1.0
1.0
4.0
1.0
1.0
1.0
1.0
2.0
1.0
1.0
1.0
2.0
1.0
2.0
1.0
1.0
1.0
16.0
1.0
1.0
1.0
1.0
1.0
1.0
1.0
921.0
2.0
2.0
2.0
1.0
1.0
1.0
1.0
2.0
13.0
1.0
3.0
1.0
1.0
1.0
1.0
1.0
1.0
1.0
1.0
1.0
1.0
1.0
1.0
1.0
3.0
1.0
1.0
3.0
1.0
2.0
1.0
1.0
1.0
17.0
1.0
1.0
2.0
1.0
1.0
1.0
1.0
2.0
1.0
1.0
1.0
1.0
4.0
1.0
2.0
1.0
1.0
1.0
2.0
1.0
1.0
1.0
1.0
937.0
1.0
2.0
1.0
1.0
1.0
1.0
1.0
1.0
1.0
1.0
1.0
2.0
3.0
1.0
1.0
1.0
1.0
1.0
1.0
8.0
1.0
2.0
2.0
2.0
6.0
1.0
2.0
1.0
4.0
2.0
8.0
1.0
1.0
2.0
8.0
1.0
3.0
1.0
1.0
1.0
5.0
1.0
972.0
1.0
1.0
1.0
1.0
1.0
1.0
1.0
5.0
1.0
2.0
1.0
1.0
1.0
1.0
1.0
1.0
4.0
1.0
2.0
1.0
1.0
1.0
1.0
4.0
11.0
1.0
1.0
1.0
1.0
1.0
13.0
1.0
1.0
970.0
1.0
1.0
1.0
1.0
2.0
1.0
1.0
1.0
1.0
1.0
2.0
2.0
1.0
1.0
1.0
1.0
1.0
1.0
5.0
1.0
1.0
1.0
1.0
1.0
1.0
1.0
1.0
1.0
3.0
1.0
972.0
3.0
3.0
2.0
1.0
1.0
1.0
1.0
2.0
1.0
1.0
2.0
2.0
2.0
1.0
1.0
1.0
2.0
1.0
1.0
1.0
1.0
2.0
1.0
2.0
1.0
5.0
1.0
1.0
1.0
1.0
1.0
1.0
1.0
1.0
1.0
1.0
978.0
1.0
1.0
1.0
1.0
1.0
1.0
1.0
1.0
3.0
1.0
1.0
1.0
1.0
2.0
1.0
1.0
1.0
1.0
3.0
1.0
1.0
2.0
2.0
1.0
3.0
4.0
1.0
3.0
1.0
1.0
1.0
1.0
1.0
993.0
1.0
1.0
1.0
1.0
1.0
1.0
3.0
1.0
1.0
1.0
2.0
1.0
1.0
2.0
1.0
1.0
1.0
1.0
1.0
1.0
2.0
1.0
1.0
2.0
927.0
1.0
1.0
1.0
1.0
2.0
10.0
3.0
1.0
3.0
7.0
1.0
1.0
1.0
1.0
4.0
9.0
1.0
1.0
17.0
1.0
1.0
1.0
2.0
3.0
1.0
2.0
10.0
1.0
2.0
1.0
1.0
4.0
1.0
983.0
1.0
1.0
1.0
1.0
3.0
1.0
1.0
1.0
1.0
1.0
1.0
1.0
16.0
1.0
2.0
1.0
1.0
2.0
1.0
2.0
1.0
978.0
2.0
1.0
1.0
4.0
1.0
1.0
1.0
1.0
1.0
1.0
2.0
3.0
1.0
1.0
2.0
1.0
1.0
1.0
1.0
9.0
1.0
3.0
1.0
1.0
1.0
1.0
1.0
1.0
975.0
1.0
1.0
1.0
2.0
1.0
2.0
2.0
16.0
1.0
1.0
3.0
1.0
1.0
1.0
1.0
1.0
1.0
2.0
1.0
1.0
1.0
2.0
1.0
3.0
1.0
989.0
1.0
1.0
2.0
1.0
1.0
1.0
1.0
15.0
1.0
1.0
1.0
1.0
1.0
1.0
1.0
1.0
1.0
1.0
1.0
1.0
1.0
1.0
947.0
1.0
1.0
1.0
2.0
1.0
1.0
1.0
1.0
1.0
1.0
1.0
1.0
1.0
1.0
2.0
1.0
1.0
1.0
1.0
1.0
35.0
1.0
1.0
2.0
1.0
1.0
1.0
3.0
1.0
1.0
1.0
1.0
3.0
1.0
933.0
2.0
1.0
3.0
1.0
1.0
1.0
2.0
2.0
1.0
1.0
2.0
1.0
2.0
3.0
1.0
1.0
1.0
1.0
2.0
1.0
1.0
1.0
1.0
47.0
1.0
1.0
1.0
1.0
1.0
1.0
1.0
1.0
1.0
1.0
1.0
1.0
9.0
1.0
971.0
2.0
1.0
3.0
1.0
1.0
1.0
1.0
1.0
2.0
1.0
1.0
1.0
1.0
1.0
1.0
1.0
1.0
1.0
1.0
1.0
1.0
1.0
1.0
1.0
1.0
1.0
8.0
2.0
1.0
1.0
1.0
1002.0
1.0
1.0
1.0
1.0
1.0
1.0
1.0
1.0
1.0
1.0
1.0
2.0
1.0
1.0
1.0
4.0
1.0
969.0
1.0
1.0
3.0
2.0
3.0
1.0
1.0
1.0
1.0
24.0
4.0
1.0
1.0
1.0
1.0
1.0
4.0
2.0
1.0
1.0
12.0
1.0
1000.0
1.0
1.0
1.0
1.0
3.0
1.0
2.0
1.0
1.0
6.0
1.0
1.0
957.0
2.0
4.0
1.0
1.0
1.0
1.0
1.0
4.0
1.0
2.0
2.0
3.0
1.0
2.0
1.0
1.0
1.0
4.0
1.0
8.0
2.0
1.0
1.0
1.0
1.0
1.0
1.0
2.0
2.0
1.0
2.0
1.0
44.0
1.0
1.0
1.0
1.0
947.0
1.0
1.0
6.0
1.0
4.0
1.0
1.0
1.0
1.0
2.0
1.0
2.0
1.0
5.0
1.0
992.0
1.0
1.0
1.0
1.0
1.0
2.0
1.0
1.0
2.0
5.0
1.0
1.0
1.0
3.0
1.0
1.0
2.0
2.0
1.0
1.0
1.0
1.0
976.0
3.0
1.0
1.0
1.0
1.0
2.0
1.0
5.0
1.0
2.0
1.0
1.0
1.0
5.0
3.0
2.0
10.0
1.0
2.0
1.0
1.0
1.0
1.0
932.0
4.0
1.0
1.0
4.0
1.0
5.0
9.0
1.0
2.0
2.0
2.0
13.0
1.0
1.0
1.0
7.0
10.0
2.0
1.0
5.0
2.0
1.0
1.0
1.0
5.0
1.0
1.0
4.0
1.0
1.0
1.0
928.0
1.0
1.0
10.0
1.0
3.0
1.0
2.0
1.0
1.0
1.0
1.0
2.0
1.0
1.0
1.0
1.0
1.0
1.0
2.0
1.0
2.0
6.0
2.0
2.0
1.0
2.0
1.0
37.0
2.0
1.0
3.0
1.0
1.0
1.0
1.0
1.0
7.0
996.0
1.0
9.0
1.0
2.0
1.0
1.0
2.0
1.0
1.0
997.0
1.0
1.0
1.0
2.0
4.0
1.0
1.0
2.0
1.0
2.0
1.0
1.0
1.0
1.0
4.0
3.0
978.0
1.0
1.0
1.0
1.0
1.0
1.0
1.0
1.0
1.0
2.0
2.0
13.0
1.0
1.0
1.0
1.0
1.0
1.0
1.0
8.0
1.0
1.0
1.0
2.0
987.0
1.0
4.0
1.0
1.0
1.0
1.0
1.0
1.0
4.0
3.0
1.0
9.0
2.0
3.0
1.0
2.0
1.0
966.0
1.0
1.0
1.0
8.0
1.0
15.0
1.0
1.0
1.0
1.0
1.0
1.0
1.0
1.0
1.0
1.0
1.0
1.0
1.0
1.0
1.0
1.0
1.0
1.0
1.0
1.0
1.0
1.0
1.0
1.0
2.0
1.0
1.0
1.0
1.0
1.0
1.0
3.0
1.0
3.0
1.0
915.0
1.0
2.0
1.0
1.0
1.0
5.0
5.0
1.0
1.0
1.0
1.0
1.0
9.0
1.0
1.0
1.0
1.0
5.0
4.0
7.0
3.0
1.0
1.0
1.0
1.0
1.0
1.0
1.0
24.0
1.0
3.0
1.0
1.0
8.0
1.0
1.0
979.0
1.0
1.0
7.0
6.0
1.0
1.0
3.0
1.0
1.0
1.0
1.0
1.0
1.0
1.0
1.0
1.0
1.0
2.0
1.0
1.0
1.0
1.0
5.0
1.0
3.0
952.0
4.0
1.0
1.0
3.0
1.0
4.0
1.0
1.0
1.0
1.0
1.0
1.0
1.0
1.0
3.0
3.0
1.0
2.0
1.0
1.0
1.0
1.0
1.0
5.0
1.0
1.0
1.0
5.0
4.0
1.0
1.0
1.0
2.0
1.0
2.0
2.0
2.0
2.0
1.0
1.0
1.0
1.0
1.0
1.0
2.0
917.0
1.0
1.0
1.0
1.0
2.0
1.0
1.0
1.0
1.0
3.0
1.0
23.0
2.0
1.0
1.0
1.0
3.0
6.0
2.0
1.0
2.0
1.0
2.0
1.0
2.0
1.0
1.0
26.0
1.0
1.0
1.0
2.0
1.0
1.0
1.0
6.0
967.0
1.0
1.0
1.0
4.0
1.0
2.0
1.0
2.0
1.0
2.0
1.0
1.0
5.0
1.0
1.0
1.0
1.0
1.0
1.0
1.0
1.0
8.0
1.0
1.0
5.0
5.0
1.0
2.0
1.0
1.0
1.0
3.0
3.0
924.0
1.0
1.0
1.0
1.0
1.0
1.0
2.0
1.0
1.0
3.0
1.0
1.0
1.0
1.0
1.0
1.0
1.0
14.0
18.0
1.0
1.0
8.0
1.0
1.0
1.0
1.0
1.0
1.0
1.0
3.0
1.0
1.0
1.0
1.0
1.0
11.0
5.0
1.0
1.0
4.0
977.0
1.0
4.0
1.0
1.0
1.0
1.0
2.0
2.0
2.0
3.0
2.0
1.0
1.0
4.0
1.0
1.0
1.0
1.0
1.0
1.0
4.0
1.0
1.0
3.0
1.0
966.0
1.0
5.0
2.0
1.0
2.0
1.0
4.0
1.0
10.0
1.0
1.0
1.0
2.0
1.0
1.0
1.0
1.0
1.0
2.0
1.0
1.0
1.0
1.0
1.0
1.0
1.0
1.0
2.0
1.0
1.0
1.0
1.0
1.0
1.0
1.0
1.0
1.0
788.0
1.0
1.0
1.0
1.0
1.0
1.0
1.0
2.0
2.0
1.0
5.0
2.0
2.0
1.0
2.0
3.0
1.0
1.0
1.0
11.0
1.0
1.0
1.0
1.0
1.0
1.0
1.0
1.0
1.0
1.0
1.0
130.0
1.0
1.0
1.0
1.0
1.0
1.0
1.0
1.0
1.0
1.0
1.0
1.0
1.0
1.0
4.0
1.0
12.0
1.0
2.0
6.0
2.0
1.0
1.0
1.0
4.0
1.0
1.0
1.0
1.0
1.0
886.0
1.0
1.0
3.0
1.0
1.0
1.0
1.0
2.0
3.0
1.0
1.0
6.0
1.0
1.0
1.0
1.0
6.0
1.0
1.0
7.0
1.0
1.0
2.0
1.0
1.0
26.0
1.0
2.0
1.0
1.0
1.0
2.0
1.0
3.0
2.0
1.0
1.0
1.0
1.0
1.0
1.0
1.0
1.0
1.0
2.0
1.0
1.0
2.0
1.0
1.0
1.0
2.0
9.0
1.0
1.0
1.0
2.0
2.0
1.0
3.0
1.0
1.0
1.0
1.0
1.0
4.0
1.0
1.0
1.0
5.0
942.0
3.0
1.0
1.0
4.0
1.0
2.0
1.0
3.0
1.0
4.0
1.0
13.0
1.0
1.0
4.0
1.0
1.0
1.0
1.0
1.0
3.0
19.0
1.0
1.0
1.0
2.0
2.0
1.0
984.0
1.0
1.0
1.0
1.0
1.0
1.0
1.0
1.0
3.0
2.0
1.0
1.0
1.0
2.0
1.0
1.0
2.0
1.0
1.0
10.0
1.0
1.0
2.0
1.0
1.0
1.0
1.0
1.0
953.0
1.0
4.0
1.0
3.0
12.0
1.0
1.0
1.0
6.0
2.0
2.0
1.0
9.0
1.0
3.0
1.0
1.0
1.0
3.0
1.0
1.0
4.0
2.0
1.0
1.0
1.0
1.0
1.0
1.0
967.0
1.0
1.0
2.0
3.0
1.0
1.0
1.0
1.0
1.0
1.0
1.0
1.0
1.0
1.0
1.0
1.0
6.0
1.0
1.0
1.0
1.0
1.0
7.0
3.0
1.0
4.0
2.0
1.0
2.0
1.0
1.0
1.0
2.0
1.0
1.0
968.0
1.0
1.0
1.0
1.0
1.0
1.0
4.0
1.0
1.0
2.0
6.0
1.0
2.0
1.0
1.0
1.0
2.0
1.0
1.0
2.0
8.0
4.0
1.0
3.0
1.0
6.0
1.0
884.0
1.0
1.0
1.0
3.0
1.0
1.0
1.0
1.0
2.0
1.0
1.0
1.0
2.0
1.0
51.0
1.0
1.0
2.0
1.0
1.0
1.0
1.0
1.0
1.0
2.0
1.0
1.0
1.0
1.0
1.0
2.0
12.0
4.0
1.0
1.0
1.0
12.0
1.0
2.0
3.0
8.0
2.0
1.0
3.0
1.0
946.0
1.0
1.0
1.0
1.0
1.0
4.0
1.0
1.0
1.0
1.0
1.0
1.0
1.0
3.0
2.0
1.0
2.0
1.0
1.0
17.0
1.0
1.0
1.0
6.0
1.0
5.0
1.0
1.0
1.0
1.0
4.0
1.0
1.0
1.0
1.0
3.0
1.0
1.0
1.0
1.0
1.0
978.0
2.0
1.0
1.0
4.0
1.0
1.0
5.0
1.0
1.0
7.0
2.0
3.0
1.0
1.0
2.0
1.0
1.0
1.0
3.0
1.0
1.0
1.0
1.0
2.0
1.0
998.0
1.0
2.0
2.0
1.0
1.0
1.0
1.0
1.0
1.0
1.0
1.0
1.0
2.0
2.0
1.0
1.0
1.0
1.0
1.0
1.0
1.0
1.0
989.0
1.0
1.0
1.0
1.0
1.0
1.0
1.0
4.0
1.0
1.0
1.0
2.0
1.0
1.0
1.0
1.0
1.0
1.0
1.0
1.0
1.0
1.0
1.0
1.0
2.0
1.0
1.0
1.0
1.0
1.0
42.0
2.0
1.0
1.0
1.0
3.0
1.0
1.0
6.0
1.0
837.0
1.0
2.0
1.0
1.0
1.0
3.0
4.0
3.0
1.0
1.0
1.0
1.0
1.0
2.0
1.0
10.0
1.0
1.0
1.0
1.0
1.0
15.0
1.0
1.0
1.0
1.0
3.0
1.0
1.0
4.0
3.0
1.0
1.0
5.0
1.0
1.0
4.0
1.0
11.0
9.0
1.0
1.0
3.0
2.0
1.0
1.0
2.0
10.0
1.0
1.0
1.0
963.0
1.0
1.0
2.0
2.0
1.0
1.0
2.0
8.0
1.0
1.0
1.0
1.0
1.0
1.0
1.0
11.0
2.0
1.0
2.0
1.0
1.0
2.0
13.0
1.0
1.0
1.0
970.0
2.0
1.0
1.0
1.0
3.0
1.0
1.0
5.0
4.0
1.0
1.0
2.0
1.0
7.0
1.0
2.0
1.0
2.0
2.0
7.0
1.0
1.0
1.0
2.0
1.0
2.0
1.0
980.0
1.0
1.0
1.0
1.0
1.0
1.0
4.0
1.0
6.0
1.0
1.0
1.0
1.0
1.0
1.0
1.0
1.0
1.0
1.0
1.0
1.0
1.0
2.0
1.0
2.0
1.0
1.0
1.0
1.0
2.0
1.0
1.0
1.0
969.0
1.0
1.0
1.0
1.0
1.0
2.0
1.0
11.0
1.0
6.0
1.0
1.0
1.0
13.0
1.0
1.0
1.0
1.0
1.0
1.0
1.0
1.0
1.0
3.0
1.0
1.0
1.0
3.0
928.0
1.0
1.0
3.0
2.0
1.0
1.0
1.0
3.0
1.0
2.0
1.0
1.0
1.0
4.0
4.0
1.0
1.0
1.0
1.0
3.0
4.0
5.0
1.0
3.0
1.0
1.0
1.0
1.0
2.0
6.0
1.0
1.0
8.0
1.0
1.0
1.0
1.0
1.0
1.0
2.0
1.0
1.0
1.0
1.0
3.0
1.0
2.0
1.0
1.0
1.0
980.0
1.0
2.0
2.0
1.0
1.0
1.0
4.0
1.0
4.0
1.0
2.0
1.0
1.0
1.0
1.0
1.0
1.0
1.0
2.0
9.0
2.0
1.0
1.0
1.0
1.0
1.0
1.0
923.0
1.0
1.0
9.0
1.0
1.0
1.0
1.0
1.0
1.0
6.0
1.0
1.0
1.0
1.0
2.0
1.0
1.0
1.0
1.0
2.0
1.0
1.0
1.0
1.0
1.0
1.0
3.0
2.0
1.0
1.0
2.0
19.0
1.0
2.0
3.0
1.0
1.0
1.0
1.0
1.0
1.0
1.0
1.0
1.0
2.0
1.0
2.0
1.0
1.0
1.0
1.0
1.0
2.0
1.0
1.0
1.0
2.0
1.0
981.0
2.0
1.0
1.0
1.0
1.0
1.0
3.0
1.0
1.0
1.0
5.0
1.0
6.0
1.0
1.0
1.0
4.0
4.0
2.0
1.0
1.0
918.0
1.0
1.0
3.0
1.0
2.0
2.0
1.0
1.0
1.0
1.0
1.0
1.0
1.0
1.0
1.0
9.0
1.0
1.0
1.0
1.0
1.0
1.0
1.0
1.0
47.0
1.0
3.0
1.0
1.0
1.0
1.0
1.0
1.0
1.0
1.0
1.0
3.0
1.0
3.0
1.0
1.0
1.0
967.0
1.0
1.0
4.0
2.0
4.0
1.0
1.0
1.0
1.0
1.0
1.0
1.0
1.0
3.0
2.0
9.0
1.0
1.0
1.0
2.0
2.0
1.0
1.0
1.0
1.0
2.0
1.0
8.0
1.0
993.0
1.0
2.0
1.0
2.0
1.0
1.0
1.0
1.0
3.0
3.0
1.0
1.0
5.0
2.0
1.0
2.0
2.0
1.0
991.0
1.0
2.0
1.0
1.0
1.0
1.0
1.0
1.0
1.0
2.0
2.0
6.0
4.0
1.0
1.0
1.0
1.0
1.0
1.0
1.0
1.0
1.0
1.0
1005.0
1.0
3.0
1.0
2.0
1.0
1.0
2.0
2.0
1.0
1.0
1.0
1.0
1.0
1.0
988.0
1.0
1.0
1.0
1.0
1.0
2.0
2.0
5.0
1.0
1.0
2.0
2.0
1.0
1.0
1.0
1.0
1.0
5.0
2.0
1.0
1.0
1.0
988.0
1.0
1.0
3.0
1.0
1.0
6.0
1.0
1.0
1.0
2.0
1.0
2.0
6.0
2.0
3.0
1.0
1.0
1.0
1.0
6.0
1.0
1.0
1.0
905.0
1.0
1.0
1.0
1.0
56.0
1.0
1.0
1.0
1.0
1.0
1.0
1.0
1.0
5.0
1.0
1.0
1.0
5.0
1.0
12.0
1.0
1.0
1.0
1.0
1.0
1.0
1.0
1.0
2.0
2.0
1.0
1.0
1.0
1.0
965.0
1.0
1.0
2.0
1.0
1.0
12.0
1.0
3.0
1.0
1.0
3.0
1.0
1.0
1.0
1.0
1.0
1.0
2.0
6.0
1.0
1.0
1.0
2.0
4.0
1.0
2.0
2.0
1.0
2.0
1.0
983.0
1.0
6.0
1.0
1.0
1.0
1.0
1.0
1.0
1.0
2.0
11.0
1.0
1.0
1.0
1.0
1.0
1.0
1.0
1.0
1.0
1.0
1.0
1.0
2.0
2.0
988.0
1.0
2.0
1.0
1.0
1.0
1.0
1.0
1.0
1.0
2.0
2.0
1.0
1.0
3.0
1.0
5.0
1.0
1.0
1.0
1.0
1.0
1.0
2.0
1.0
1.0
1.0
906.0
1.0
1.0
1.0
8.0
1.0
1.0
1.0
1.0
1.0
2.0
3.0
2.0
3.0
5.0
1.0
3.0
2.0
1.0
4.0
2.0
1.0
1.0
5.0
1.0
1.0
1.0
1.0
1.0
1.0
1.0
1.0
1.0
2.0
33.0
7.0
1.0
2.0
1.0
1.0
1.0
1.0
1.0
1.0
2.0
1.0
1.0
1.0
975.0
1.0
2.0
2.0
1.0
2.0
1.0
2.0
1.0
2.0
1.0
1.0
5.0
1.0
1.0
1.0
1.0
1.0
1.0
1.0
1.0
3.0
1.0
1.0
1.0
2.0
1.0
4.0
1.0
1.0
1.0
1.0
1.0
1.0
1.0
944.0
1.0
1.0
1.0
1.0
1.0
1.0
10.0
2.0
1.0
4.0
1.0
2.0
1.0
1.0
1.0
1.0
2.0
2.0
4.0
1.0
1.0
32.0
1.0
1.0
2.0
1.0
1.0
2.0
990.0
1.0
1.0
1.0
1.0
3.0
1.0
1.0
1.0
3.0
2.0
3.0
1.0
1.0
1.0
1.0
1.0
1.0
2.0
1.0
1.0
1.0
1.0
2.0
1.0
1.0
991.0
1.0
1.0
1.0
1.0
1.0
1.0
5.0
1.0
1.0
1.0
2.0
1.0
1.0
1.0
1.0
1.0
2.0
1.0
1.0
1.0
1.0
2.0
1.0
1.0
1.0
1.0
1.0
926.0
2.0
1.0
1.0
1.0
1.0
1.0
1.0
1.0
1.0
7.0
1.0
1.0
1.0
1.0
1.0
1.0
1.0
4.0
1.0
1.0
1.0
9.0
1.0
1.0
8.0
3.0
1.0
2.0
2.0
1.0
1.0
1.0
6.0
1.0
2.0
1.0
1.0
1.0
2.0
1.0
1.0
1.0
1.0
1.0
2.0
1.0
9.0
3.0
1.0
1.0
1.0
962.0
2.0
2.0
1.0
2.0
15.0
1.0
1.0
2.0
1.0
1.0
1.0
1.0
1.0
1.0
2.0
1.0
1.0
1.0
2.0
1.0
1.0
1.0
14.0
1.0
1.0
1.0
1.0
1.0
1.0
1.0
1.0
939.0
1.0
1.0
1.0
1.0
1.0
10.0
1.0
8.0
1.0
1.0
1.0
2.0
7.0
6.0
1.0
1.0
1.0
1.0
1.0
1.0
1.0
1.0
1.0
1.0
1.0
2.0
1.0
2.0
1.0
1.0
6.0
1.0
1.0
2.0
1.0
1.0
1.0
3.0
1.0
1.0
1.0
1.0
1.0
1.0
