1024.0
1023.0
1.0
1024.0
1024.0
1024.0
1024.0
1023.0
1.0
1024.0
1024.0
1024.0
1024.0
1024.0
1024.0
1024.0
1024.0
1024.0
1023.0
1.0
1024.0
1024.0
1024.0
1024.0
1023.0
1.0
1024.0
1024.0
996.0
28.0
1024.0
1024.0
1024.0
1023.0
1.0
1024.0
1024.0
1024.0
1024.0
1022.0
2.0
1023.0
1.0
1024.0
1016.0
8.0
1024.0
1024.0
1024.0
1024.0
1024.0
1024.0
1023.0
1.0
1024.0
1024.0
1024.0
1024.0
1024.0
1024.0
1024.0
1024.0
1024.0
1023.0
1.0
1024.0
1024.0
1024.0
1024.0
1024.0
1023.0
1.0
1024.0
1024.0
1024.0
1018.0
6.0
1024.0
1024.0
1024.0
1023.0
1.0
1024.0
1024.0
1024.0
1024.0
1022.0
2.0
1024.0
1024.0
1024.0
1024.0
1024.0
1024.0
1024.0
1021.0
3.0
1024.0
1024.0
1024.0
1024.0
1023.0
1.0
1024.0
1024.0
1024.0
1024.0
1024.0
1024.0
1024.0
1023.0
1.0
1024.0
1021.0
3.0
1023.0
1.0
1023.0
1.0
1024.0
1024.0
