1014.0
7.0
1.0
1.0
1.0
1001.0
1.0
1.0
1.0
18.0
2.0
1018.0
1.0
1.0
1.0
2.0
1.0
1020.0
1.0
2.0
1.0
1009.0
1.0
3.0
1.0
1.0
1.0
2.0
3.0
2.0
1.0
1015.0
3.0
1.0
1.0
1.0
1.0
2.0
1021.0
1.0
1.0
1.0
1.0
1016.0
1.0
2.0
1.0
3.0
1008.0
2.0
1.0
9.0
2.0
1.0
1.0
1019.0
1.0
1.0
1.0
1.0
1.0
1020.0
1.0
1.0
1.0
1.0
1019.0
2.0
3.0
998.0
1.0
2.0
1.0
1.0
4.0
1.0
12.0
1.0
1.0
2.0
1014.0
1.0
3.0
5.0
1.0
1013.0
1.0
1.0
2.0
1.0
1.0
1.0
3.0
1.0
1018.0
2.0
1.0
1.0
1.0
1.0
1008.0
1.0
2.0
4.0
1.0
1.0
1.0
1.0
2.0
1.0
2.0
1007.0
1.0
1.0
1.0
1.0
1.0
1.0
1.0
6.0
2.0
1.0
1.0
1018.0
2.0
2.0
1.0
1.0
1023.0
1.0
1010.0
1.0
3.0
3.0
1.0
5.0
1.0
1.0
2.0
998.0
2.0
1.0
1.0
1.0
10.0
1.0
1.0
3.0
1.0
1.0
1.0
1004.0
6.0
1.0
1.0
2.0
1.0
4.0
1.0
1.0
1.0
1.0
1.0
1011.0
1.0
3.0
2.0
1.0
1.0
4.0
1.0
1016.0
2.0
1.0
1.0
1.0
2.0
1.0
1012.0
1.0
1.0
3.0
1.0
1.0
1.0
1.0
1.0
2.0
1022.0
1.0
1.0
1010.0
1.0
2.0
2.0
1.0
6.0
1.0
1.0
2.0
1005.0
10.0
3.0
2.0
1.0
1.0
1012.0
3.0
1.0
3.0
1.0
2.0
2.0
1011.0
1.0
1.0
10.0
1.0
1020.0
1.0
1.0
1.0
1.0
1.0
5.0
1015.0
1.0
1.0
1.0
1016.0
2.0
1.0
1.0
1.0
3.0
1018.0
1.0
3.0
2.0
1018.0
1.0
1.0
1.0
1.0
1.0
1.0
1024.0
1022.0
1.0
1.0
1013.0
1.0
1.0
1.0
1.0
5.0
1.0
1.0
1015.0
1.0
2.0
1.0
3.0
2.0
1020.0
1.0
1.0
1.0
1.0
1010.0
10.0
1.0
1.0
1.0
1.0
1011.0
11.0
1.0
1.0
2.0
1.0
8.0
1010.0
1.0
2.0
1016.0
2.0
1.0
1.0
1.0
1.0
1.0
1.0
1021.0
1.0
1.0
1.0
1015.0
1.0
3.0
1.0
1.0
1.0
1.0
1.0
1018.0
1.0
1.0
1.0
2.0
1.0
1004.0
1.0
3.0
2.0
2.0
1.0
5.0
4.0
1.0
1.0
1023.0
1.0
1021.0
1.0
1.0
1.0
1012.0
1.0
3.0
1.0
1.0
2.0
1.0
3.0
1014.0
1.0
1.0
2.0
2.0
1.0
1.0
2.0
1020.0
1.0
1.0
1.0
1.0
1009.0
11.0
1.0
3.0
1014.0
1.0
1.0
1.0
1.0
1.0
1.0
1.0
1.0
2.0
1008.0
1.0
7.0
3.0
4.0
1.0
1004.0
2.0
1.0
12.0
4.0
1.0
1018.0
1.0
1.0
2.0
1.0
1.0
1017.0
1.0
4.0
1.0
1.0
1000.0
1.0
21.0
1.0
1.0
1012.0
3.0
1.0
1.0
4.0
1.0
2.0
1021.0
1.0
1.0
1.0
1018.0
1.0
1.0
1.0
1.0
2.0
1018.0
1.0
1.0
1.0
1.0
2.0
994.0
1.0
1.0
1.0
4.0
2.0
1.0
1.0
19.0
1022.0
1.0
1.0
1018.0
1.0
3.0
2.0
1015.0
4.0
1.0
1.0
1.0
1.0
1.0
1014.0
1.0
1.0
1.0
1.0
2.0
1.0
2.0
1.0
1.0
1015.0
2.0
1.0
1.0
1.0
1.0
2.0
1010.0
1.0
1.0
7.0
2.0
1.0
1.0
1.0
1023.0
1.0
1021.0
1.0
1.0
1.0
1023.0
1.0
1017.0
1.0
1.0
4.0
1.0
5.0
1008.0
1.0
4.0
3.0
1.0
2.0
1018.0
1.0
5.0
1.0
1015.0
1.0
1.0
2.0
1.0
2.0
1.0
1015.0
1.0
1.0
1.0
1.0
1.0
1.0
1.0
2.0
5.0
998.0
1.0
1.0
1.0
1.0
1.0
9.0
2.0
5.0
1020.0
1.0
1.0
1.0
1.0
1014.0
1.0
4.0
1.0
1.0
2.0
1.0
1011.0
2.0
3.0
1.0
1.0
1.0
2.0
3.0
1022.0
1.0
1.0
1014.0
2.0
6.0
1.0
1.0
1008.0
1.0
1.0
1.0
11.0
1.0
1.0
2.0
1015.0
1.0
5.0
1.0
1006.0
14.0
1.0
1.0
1.0
1.0
1021.0
1.0
1.0
1.0
1018.0
1.0
1.0
1.0
1.0
1.0
1.0
1013.0
2.0
2.0
1.0
3.0
1.0
1.0
1.0
1018.0
1.0
1.0
1.0
1.0
2.0
1020.0
1.0
3.0
1021.0
1.0
1.0
1.0
16.0
998.0
1.0
1.0
1.0
1.0
1.0
1.0
1.0
2.0
1.0
1016.0
2.0
1.0
2.0
1.0
1.0
1.0
1003.0
1.0
14.0
2.0
4.0
1019.0
1.0
2.0
1.0
1.0
1016.0
1.0
1.0
1.0
1.0
2.0
1.0
1.0
